[gd_scene load_steps=3 format=3 uid="uid://c38fy5he8pdl6"]

[ext_resource type="PackedScene" uid="uid://fpbe8gfrui50" path="res://Prefabs/card.tscn" id="1_282ej"]
[ext_resource type="Script" path="res://Scripts/CardManager.cs" id="1_itx87"]

[node name="WorldRoot" type="Node3D"]

[node name="CardManager" type="Node3D" parent="."]
script = ExtResource("1_itx87")

[node name="Card1" parent="CardManager" instance=ExtResource("1_282ej")]
transform = Transform3D(0.965926, 0, -0.258819, 0, 1, 0, 0.258819, 0, 0.965926, 15.723, 0, 0)

[node name="Card2" parent="CardManager" instance=ExtResource("1_282ej")]
transform = Transform3D(0.965924, -0.00168586, 0.258819, 0.00174533, 0.999998, 0, -0.258819, 0.000451724, 0.965926, -22.5607, 0, 0)

[node name="Camera3D" type="Camera3D" parent="."]
transform = Transform3D(1, 0, 0, 0, 0.355303, 0.934751, 0, -0.934751, 0.355303, 0, 59.0768, 22.8447)
current = true
